receptor = COX2_E488G.B99990001.pdbqt
exhaustiveness  = 8
center_x = 29.3265840063
center_y = 49.1830972843
center_z = 14.7369304131
size_x = 53.7999795653
size_y = 51.7122230155
size_z = 39.2829797763