receptor = COX2_V511A.B99990003.pdbqt
exhaustiveness  = 8
center_x = 31.4656
center_y = 50.1491
center_z = 13.5987
size_x = 127.618547611
size_y = 69.5528028107
size_z = 140.565038071