receptor = COX2_R228H.B99990001.pdbqt
exhaustiveness  = 8
center_x = 33.4092359895
center_y = 47.380088968
center_z = 12.851
size_x = 78.9292161466
size_y = 68.6903594408
size_z = 25.0