receptor = COX2_P428A.B99990003.pdbqt
exhaustiveness  = 8
center_x = 31.4334
center_y = 50.1163
center_z = 13.5787
size_x = 124.847107172
size_y = 70.3680609131
size_z = 139.002665024