receptor = COX2_4.pdbqt
exhaustiveness  = 8
center_x = 29.1683200348
center_y = 44.4689735349
center_z = 10.2128236849
size_x = 77.3867505413
size_y = 53.5248054032
size_z = 51.6610152514