receptor = COX2_R228H.B99990001.pdbqt
exhaustiveness  = 8
center_x = 31.1992
center_y = 49.5537
center_z = 12.851
size_x = 121.962553005
size_y = 81.5067100716
size_z = 158.348213348