receptor = 5IKQ1.pdbqt
exhaustiveness  = 8
center_x = 24.3288
center_y = 42.0061
center_z = 39.1051
size_x = 77.0124980736
size_y = 76.5981573111
size_z = 98.8329710102