receptor = COX2_P428A.B99990003.pdbqt
exhaustiveness  = 8
center_x = 26.8889758611
center_y = 48.342882775
center_z = 13.5787
size_x = 74.3401908777
size_y = 54.9827300118
size_z = 25.0