receptor = COX2_4.pdbqt
exhaustiveness  = 8
center_x = 31.423
center_y = 47.4707
center_z = 12.1105
size_x = 113.987588282
size_y = 82.4623502636
size_z = 145.517268753